
Order  10 : took  0.04125762536665813  minutes
rms:  0.000530998817593405 


6.670473695154254e-07
-1.256976587062995e-05
-1.681195907664846e-06
-0.00030743744628598064
-0.0002621917590750765
0.006204730061043886
0.027176854785549973
0.18167676587881065
0.7778118960542197
1.0799042998808943
-1.621330768299885
9.221684593824377e-06
4.478292341771376e-06
0.0003058105146752487
0.0002645434024313286
-0.01658482093367295
-0.07536946707976053
-0.520170462333346
-2.7067238130883853
-5.056892878885799
4.113221123918352
-1.753931003472403e-05
0.0002958431982237504
0.00011399591401968978
0.019675052475284432
0.0768720750598576
0.4225410274130359
3.2302032307255373
8.417688997345428
-2.562023613392243
-0.00024906458807161247
-0.00019119322632088487
-0.008839746231566113
-0.0297053765273132
0.08786033658429954
-1.0053505928051272
-5.5147999190971415
-0.8410139739368938
0.00017950851890213837
-0.0033691689608127406
-0.002696506333877302
-0.3006495301049993
-1.0009503822634573
0.04151210262088045
0.6388317321637622
0.002802209089870278
0.004874379973287324
0.1283751237292955
0.9579724214233101
1.688330925273093
0.6856697099028791
-0.0013749520130413861
0.019642900653175865
-0.22856392642390588
-0.7383401908347268
-0.42002465745049333
-0.01969103554426388
-0.059348079520365804
0.053876468586562365
-0.0317803923876081
0.03558169652227461
0.04441975882317739
0.04054295450527423
-0.01634027277583816
-0.0013321564103314643
-0.0003909998470419396
