
Order  10 : took  0.0403656682833874  minutes
rms:  0.00040815263515090274 


2.117970133355929e-08
-4.2290466274349585e-06
-2.4636471429364017e-05
-5.7339386450271626e-05
-0.00040424309766797563
0.005058799031968146
0.04309897341887895
0.13810623065838393
0.7604331765384772
1.1623663587620165
-1.2085619490850326
2.9242220845270527e-06
2.4960705716114105e-05
-1.0740539099654643e-05
0.00048662111332524634
-0.012720564301774451
-0.11998746380685112
-0.36697845385228856
-2.6637381048770807
-5.068327914472641
2.7698595364267438
-4.30650703117999e-06
0.000180102449798809
0.00046369046265425703
0.011119968592713013
0.12475681939378831
0.2219050672478732
3.0933172954637067
7.987682186939385
-1.176694262429842
-9.505008395272602e-05
-0.0005901287043871793
-0.0016146743130064862
-0.053854416480508954
0.19226502908434667
-0.707778497611786
-5.064944499457888
-0.8655805256730194
9.61390644351745e-05
-0.003260871773659191
-0.00028965869360630947
-0.27945906772130313
-1.3180483700205357
0.32869091010879137
-0.2450066475300392
0.0013879356400048337
0.007563514765864809
0.08323869635869685
1.133897936410469
0.9161768709763202
1.1898007166038944
-0.0014276029050672712
0.02443693074320813
-0.2705670894721601
-0.21353243498786928
-0.4033883725866867
-0.01373140656602767
-0.06920954974158722
-0.06490313223782074
-0.12693066464373826
0.042512721694704214
0.013228384698531048
0.07266996020669936
0.0035068461332361522
-0.0019864499398390967
-0.004924869506158558
