# Table of coefficients. 
# rows   : increase according to the exponent of log (r/R_e)
# columns: increase according to the exponent of log (n)
  7.076e-04   1.014e-04  -3.794e-02   2.785e-02   4.247e-01  -6.904e-01  -6.342e-01   8.367e-01   2.565e+00  -4.115e+00   1.622e+00
  1.557e-02  -4.107e-02  -6.114e-02   7.489e-01  -1.700e+00  -3.157e-02   5.508e+00  -8.413e+00   5.055e+00  -1.080e+00   0.000e+00
 -3.517e-02   5.740e-02   2.328e-01  -9.638e-01   1.007e+00   1.001e+00  -3.228e+00   2.706e+00  -7.776e-01   0.000e+00   0.000e+00
  1.986e-02  -2.017e-02  -1.276e-01   3.000e-01  -8.746e-02  -4.227e-01   5.202e-01  -1.817e-01   0.000e+00   0.000e+00   0.000e+00
  1.274e-03  -4.467e-03   1.989e-03   3.040e-02  -7.734e-02   7.555e-02  -2.723e-02   0.000e+00   0.000e+00   0.000e+00   0.000e+00
 -2.853e-03   3.494e-03   8.720e-03  -1.959e-02   1.656e-02  -6.196e-03   0.000e+00   0.000e+00   0.000e+00   0.000e+00   0.000e+00
 -1.620e-04   1.411e-04  -4.970e-05  -3.006e-04   2.779e-04   0.000e+00   0.000e+00   0.000e+00   0.000e+00   0.000e+00   0.000e+00
  2.557e-04  -3.086e-04  -2.993e-04   3.039e-04   0.000e+00   0.000e+00   0.000e+00   0.000e+00   0.000e+00   0.000e+00   0.000e+00
  1.608e-05  -2.203e-06  -3.249e-07   0.000e+00   0.000e+00   0.000e+00   0.000e+00   0.000e+00   0.000e+00   0.000e+00   0.000e+00
 -9.523e-06   1.303e-05   0.000e+00   0.000e+00   0.000e+00   0.000e+00   0.000e+00   0.000e+00   0.000e+00   0.000e+00   0.000e+00
 -6.227e-07   0.000e+00   0.000e+00   0.000e+00   0.000e+00   0.000e+00   0.000e+00   0.000e+00   0.000e+00   0.000e+00   0.000e+00
