# Table of coefficients. 
# rows   : increase according to the exponent of log (r/R_e)
# columns: increase according to the exponent of log (n)
  4.925e-03   1.986e-03  -7.267e-02   1.269e-01   4.034e-01  -1.190e+00   2.450e-01   8.656e-01   1.177e+00  -2.770e+00   1.209e+00
 -3.507e-03  -1.323e-02   6.490e-02   2.135e-01  -9.162e-01  -3.287e-01   5.065e+00  -7.988e+00   5.068e+00  -1.162e+00   0.000e+00
 -4.251e-02   6.921e-02   2.706e-01  -1.134e+00   1.318e+00   7.078e-01  -3.093e+00   2.664e+00  -7.604e-01   0.000e+00   0.000e+00
  1.373e-02  -2.444e-02  -8.324e-02   2.795e-01  -1.923e-01  -2.219e-01   3.670e-01  -1.381e-01   0.000e+00   0.000e+00   0.000e+00
  1.428e-03  -7.564e-03   2.897e-04   5.385e-02  -1.248e-01   1.200e-01  -4.310e-02   0.000e+00   0.000e+00   0.000e+00   0.000e+00
 -1.388e-03   3.261e-03   1.615e-03  -1.112e-02   1.272e-02  -5.059e-03   0.000e+00   0.000e+00   0.000e+00   0.000e+00   0.000e+00
 -9.614e-05   5.901e-04  -4.637e-04  -4.866e-04   4.042e-04   0.000e+00   0.000e+00   0.000e+00   0.000e+00   0.000e+00   0.000e+00
  9.505e-05  -1.801e-04   1.074e-05   5.734e-05   0.000e+00   0.000e+00   0.000e+00   0.000e+00   0.000e+00   0.000e+00   0.000e+00
  4.307e-06  -2.496e-05   2.464e-05   0.000e+00   0.000e+00   0.000e+00   0.000e+00   0.000e+00   0.000e+00   0.000e+00   0.000e+00
 -2.924e-06   4.229e-06   0.000e+00   0.000e+00   0.000e+00   0.000e+00   0.000e+00   0.000e+00   0.000e+00   0.000e+00   0.000e+00
 -2.118e-08   0.000e+00   0.000e+00   0.000e+00   0.000e+00   0.000e+00   0.000e+00   0.000e+00   0.000e+00   0.000e+00   0.000e+00
